Sample data file : C:\Users\Shine\Documents\TNA\20201109_Fastelli\20-11-10_0000_120_larderellite_36-80_A09-3.txt
Corrected by: C:\Users\Shine\Documents\TNA\20201109_Fastelli\20201109_Spectralon_30.txt at 20degres
and C:\Users\Shine\Documents\TNA\20201109_Fastelli\20201109_Infragold_20_2.txt linked at 1300nm
1000.000000	0.594767	0.000989
1010.000000	0.593656	0.000488
1020.000000	0.591709	0.000397
1030.000000	0.590261	0.000561
1040.000000	0.589759	0.000431
1050.000000	0.589075	0.000575
1060.000000	0.588850	0.000544
1070.000000	0.588406	0.000394
1080.000000	0.588073	0.000501
1090.000000	0.589286	0.000791
1100.000000	0.585668	0.000646
1110.000000	0.588955	0.000512
1120.000000	0.591827	0.000664
1130.000000	0.593868	0.000447
1140.000000	0.594738	0.000760
1150.000000	0.594730	0.000479
1160.000000	0.595071	0.000588
1170.000000	0.594410	0.000250
1180.000000	0.592075	0.000446
1190.000000	0.588905	0.000330
1200.000000	0.583178	0.000432
1210.000000	0.576842	0.000386
1220.000000	0.568014	0.000232
1230.000000	0.561093	0.000481
1240.000000	0.556411	0.000283
1250.000000	0.548638	0.000263
1260.000000	0.542263	0.000264
1270.000000	0.546113	0.000260
1280.000000	0.548609	0.000298
1290.000000	0.546006	0.000304
1300.000000	0.541838	0.000282
1310.000000	0.545575	0.000288
1320.000000	0.551609	0.000318
1330.000000	0.555788	0.000248
1340.000000	0.557934	0.000422
1350.000000	0.556924	0.000329
1360.000000	0.556461	0.000395
1370.000000	0.557589	0.000406
1380.000000	0.560669	0.000557
1390.000000	0.560751	0.000339
1400.000000	0.559920	0.000349
1410.000000	0.558808	0.000268
1420.000000	0.553789	0.000475
1430.000000	0.546539	0.000254
1440.000000	0.539923	0.000413
1450.000000	0.529831	0.000289
1460.000000	0.514436	0.000336
1470.000000	0.492508	0.000277
1480.000000	0.460188	0.000215
1490.000000	0.420249	0.000366
1500.000000	0.407864	0.000203
1510.000000	0.391413	0.000227
1520.000000	0.368486	0.000314
1530.000000	0.344619	0.000330
1540.000000	0.320829	0.000421
1550.000000	0.330711	0.000252
1560.000000	0.337877	0.000227
1570.000000	0.347738	0.000333
1580.000000	0.351210	0.000429
1590.000000	0.347177	0.000210
1600.000000	0.349945	0.000209
1610.000000	0.374631	0.000191
1620.000000	0.386811	0.000257
1630.000000	0.395641	0.000196
1640.000000	0.404818	0.000177
1650.000000	0.414358	0.000189
1660.000000	0.421740	0.000212
1670.000000	0.429180	0.000152
1680.000000	0.436254	0.000221
1690.000000	0.440317	0.000194
1700.000000	0.440177	0.000221
1710.000000	0.437162	0.000214
1720.000000	0.432925	0.000177
1730.000000	0.428413	0.000154
1740.000000	0.425307	0.000174
1750.000000	0.422758	0.000235
1760.000000	0.418745	0.000192
1770.000000	0.414263	0.000312
1780.000000	0.415213	0.000192
1790.000000	0.416453	0.000202
1800.000000	0.415127	0.000382
1810.000000	0.412495	0.000313
1820.000000	0.409385	0.000269
1830.000000	0.405348	0.000213
1840.000000	0.400034	0.000307
1850.000000	0.393585	0.000211
1860.000000	0.388423	0.000329
1870.000000	0.382160	0.000200
1880.000000	0.373421	0.000282
1890.000000	0.366201	0.000210
1900.000000	0.359993	0.000277
1910.000000	0.351476	0.000134
1920.000000	0.339884	0.000164
1930.000000	0.328063	0.000203
1940.000000	0.316139	0.000184
1950.000000	0.297114	0.000118
1960.000000	0.259995	0.000231
1970.000000	0.216041	0.000137
1980.000000	0.205829	0.000165
1990.000000	0.216355	0.000191
2000.000000	0.202435	0.000138
2010.000000	0.172900	0.000243
2020.000000	0.159030	0.000084
2030.000000	0.167683	0.000128
2040.000000	0.168726	0.000133
2050.000000	0.169419	0.000102
2060.000000	0.175469	0.000091
2070.000000	0.178029	0.000201
2080.000000	0.178847	0.000285
2090.000000	0.180251	0.000098
2100.000000	0.177115	0.000132
2110.000000	0.163857	0.000160
2120.000000	0.138874	0.000130
2130.000000	0.117572	0.000291
2140.000000	0.112789	0.000163
2150.000000	0.116569	0.000150
2160.000000	0.132360	0.000281
2170.000000	0.147320	0.000250
2180.000000	0.157876	0.000166
2190.000000	0.174354	0.000179
2200.000000	0.190416	0.000168
2210.000000	0.194947	0.000236
2220.000000	0.179511	0.000201
2230.000000	0.161353	0.000387
2240.000000	0.186228	0.000210
2250.000000	0.224453	0.000249
2260.000000	0.250218	0.000188
2270.000000	0.265535	0.000269
2280.000000	0.270544	0.000402
2290.000000	0.275804	0.000205
2300.000000	0.283043	0.000332
2310.000000	0.289822	0.000321
2320.000000	0.297590	0.000205
2330.000000	0.304871	0.000401
2340.000000	0.308609	0.000166
2350.000000	0.309985	0.000261
2360.000000	0.309342	0.000226
2370.000000	0.303925	0.000223
2380.000000	0.292082	0.000248
2390.000000	0.273421	0.000140
2400.000000	0.257657	0.000252
2410.000000	0.257248	0.000311
2420.000000	0.258036	0.000405
2430.000000	0.254719	0.000200
2440.000000	0.251628	0.000232
2450.000000	0.251088	0.000228
2460.000000	0.260555	0.000353
2470.000000	0.257089	0.000493
2480.000000	0.244011	0.000305
2490.000000	0.226576	0.000373
2500.000000	0.236337	0.000357
2510.000000	0.262740	0.000322
2520.000000	0.272057	0.000412
2530.000000	0.275182	0.000188
2540.000000	0.275723	0.000315
2550.000000	0.271022	0.000277
2560.000000	0.257769	0.000604
2570.000000	0.245264	0.000730
2580.000000	0.250873	0.000614
2590.000000	0.263980	0.000528
2600.000000	0.268984	0.000318
2610.000000	0.264968	0.000315
2620.000000	0.257663	0.000509
2630.000000	0.248249	0.000232
2640.000000	0.240497	0.000670
2650.000000	0.232177	0.000365
2660.000000	0.226311	0.000538
2670.000000	0.224937	0.000810
2680.000000	0.219256	0.001046
2690.000000	0.207308	0.000860
2700.000000	0.194044	0.000380
2710.000000	0.177864	0.001199
2720.000000	0.158440	0.000705
2730.000000	0.141299	0.000411
2740.000000	0.116766	0.000931
2750.000000	0.101416	0.000668
2760.000000	0.086899	0.000645
2770.000000	0.080254	0.000606
2780.000000	0.072824	0.000982
2790.000000	0.061926	0.000382
2800.000000	0.054982	0.000819
2810.000000	0.045395	0.000342
2820.000000	0.037053	0.000335
2830.000000	0.031445	0.000524
2840.000000	0.027615	0.000346
2850.000000	0.024485	0.000328
2860.000000	0.019971	0.000406
2870.000000	0.016491	0.000176
2880.000000	0.013906	0.000317
2890.000000	0.011915	0.000132
2900.000000	0.010307	0.000208
2910.000000	0.009491	0.000164
2920.000000	0.009771	0.000161
2930.000000	0.009988	0.000150
2940.000000	0.010204	0.000287
2950.000000	0.010266	0.000107
2960.000000	0.010242	0.000090
2970.000000	0.010011	0.000195
2980.000000	0.010184	0.000084
2990.000000	0.009716	0.000152
3000.000000	0.008285	0.000099
3010.000000	0.007537	0.000101
3020.000000	0.007098	0.000134
3030.000000	0.006814	0.000217
3040.000000	0.006698	0.000244
3050.000000	0.007102	0.000292
3060.000000	0.008769	0.000244
3070.000000	0.011827	0.000169
3080.000000	0.015180	0.000178
3090.000000	0.016577	0.000168
3100.000000	0.016424	0.000163
3110.000000	0.016042	0.000238
3120.000000	0.016252	0.000181
3130.000000	0.017007	0.000158
3140.000000	0.017015	0.000098
3150.000000	0.016566	0.000163
3160.000000	0.015920	0.000190
3170.000000	0.014532	0.000106
3180.000000	0.013495	0.000184
3190.000000	0.013374	0.000101
3200.000000	0.013534	0.000095
3220.000000	0.015618	0.000203
3240.000000	0.017880	0.000141
3260.000000	0.020058	0.000247
3280.000000	0.021122	0.000168
3300.000000	0.021476	0.000177
3320.000000	0.021486	0.000141
3340.000000	0.021340	0.000193
3360.000000	0.020404	0.000149
3380.000000	0.019340	0.000272
3400.000000	0.018064	0.000110
3420.000000	0.017005	0.000228
3440.000000	0.016380	0.000145
3460.000000	0.015891	0.000141
3480.000000	0.016127	0.000197
3500.000000	0.017008	0.000148
3520.000000	0.018314	0.000234
3540.000000	0.019251	0.000299
3560.000000	0.020207	0.000285
3580.000000	0.020156	0.000190
3600.000000	0.020498	0.000104
3620.000000	0.021132	0.000125
3640.000000	0.021524	0.000369
3660.000000	0.021687	0.000183
3680.000000	0.022098	0.000357
3700.000000	0.022588	0.000172
3720.000000	0.022960	0.000234
3740.000000	0.023348	0.000144
3760.000000	0.023429	0.000269
3780.000000	0.023937	0.000352
3800.000000	0.025258	0.000198
3820.000000	0.025602	0.000279
3840.000000	0.026046	0.000153
3860.000000	0.026280	0.000198
3880.000000	0.026595	0.000181
3900.000000	0.026581	0.000233
3920.000000	0.027048	0.000225
3940.000000	0.027964	0.000368
3960.000000	0.028657	0.000246
3980.000000	0.028627	0.000353
4000.000000	0.028419	0.000357
4020.000000	0.027067	0.000338
4040.000000	0.025798	0.000507
4060.000000	0.025553	0.000374
4080.000000	0.027232	0.000536
4100.000000	0.028612	0.000362
4120.000000	0.029685	0.000772
4140.000000	0.031634	0.000838
4160.000000	0.033314	0.000597
4180.000000	0.034251	0.001002
4340.000000	0.037813	0.002655
4360.000000	0.033656	0.001195
4380.000000	0.031387	0.002294
4400.000000	0.029902	0.001384
4420.000000	0.031808	0.002183
4440.000000	0.035772	0.001399
4460.000000	0.034311	0.001692
4480.000000	0.035516	0.001680
4500.000000	0.036408	0.002197
4520.000000	0.042594	0.001966
4540.000000	0.041983	0.003187
4560.000000	0.047316	0.005046
4580.000000	0.055598	0.002641
4600.000000	0.075399	0.005266
4620.000000	0.091201	0.004783
4640.000000	0.116340	0.006326
4660.000000	0.140847	0.003900
4680.000000	0.181305	0.003740
4700.000000	0.204221	0.004508
4720.000000	0.240512	0.003022
4740.000000	0.263772	0.003744
4760.000000	0.272771	0.003359
4780.000000	0.274750	0.000961
4800.000000	0.264064	0.001533
